Gene	sgRNA	Day14|beta	Day14|z	Day14|p-value	Day14|fdr	Day14|wald-p-value	Day14|wald-fdr	Mouse|beta	Mouse|z	Mouse|p-value	Mouse|fdr	Mouse|wald-p-value	Mouse|wald-fdr
NRBP2	10	-0.55234	-3.0168	0.0018832	0.0054945	0.0025542	0.0086942	-0.67804	-3.7026	0.0018832	0.0087719	0.00021342	0.0013491
ZNF205	10	-0.69634	-4.0703	0.0018832	0.0054945	4.6947e-05	0.00033238	-0.71919	-4.2045	0	0	2.6171e-05	0.00019573
METTL2B	10	-1.1386	-5.5704	0	0	2.541e-08	5.8664e-07	-1.0764	-5.2688	0	0	1.3728e-07	2.5137e-06
MFSD3	10	-0.79874	-3.6463	0	0	0.00026601	0.0013079	-1.0002	-4.5639	0	0	5.0218e-06	4.9381e-05
PEX11A	10	-0.28151	-2.1117	0.018832	0.034722	0.034716	0.074631	-0.19844	-1.4885	0.079096	0.168	0.13661	0.29008
BTRC	10	-0.54866	-3.5721	0.0018832	0.0054945	0.00035415	0.0016352	-0.75547	-4.9156	0	0	8.8512e-07	1.1463e-05
MOCS2	10	-0.33364	-2.5285	0.007533	0.015564	0.011454	0.029347	-0.17006	-1.2889	0.10169	0.2	0.19745	0.36081
DDR1	10	-0.077802	-0.44017	0.34087	0.45137	0.65981	0.82052	0.3108	1.7637	0.36347	0.53297	0.077786	0.18775
CENPF	10	-0.9123	-3.9283	0	0	8.5545e-05	0.00053441	-0.58734	-2.5311	0.0018832	0.0087719	0.011371	0.037271
RPL14	10	-1.2698	-4.528	0	0	5.9558e-06	5.9671e-05	-1.1523	-4.1444	0	0	3.4076e-05	0.00024787
MSRB1	10	-0.71847	-3.4666	0.0018832	0.0054945	0.00052702	0.0022752	-0.78093	-3.7681	0	0	0.0001645	0.0010784
ADH5	9	-0.59768	-3.8242	0	0	0.00013121	0.00074118	-0.15595	-0.99998	0.11488	0.22101	0.31732	0.48257
BHMT	10	-0.20398	-1.5285	0.065913	0.10671	0.12639	0.2237	0.23592	1.7681	0.62335	0.76267	0.077039	0.18679
ACKR4	10	-0.21585	-1.5692	0.060264	0.098765	0.11661	0.20919	-0.16708	-1.2146	0.10923	0.21245	0.22451	0.39862
NUDT18	10	-0.3406	-1.7862	0.007533	0.015564	0.074063	0.14406	-0.44415	-2.3295	0.0056497	0.016667	0.019831	0.060518
SLC35D2	10	-0.57295	-3.3228	0.0018832	0.0054945	0.00089133	0.0035586	-0.54976	-3.1905	0.0037665	0.012579	0.00142	0.0063365
UVSSA	10	-0.54613	-3.6474	0.0018832	0.0054945	0.00026492	0.0013079	-0.56512	-3.774	0.0037665	0.012579	0.00016063	0.0010755
SBK1	10	-0.519	-2.8637	0.0018832	0.0054945	0.0041873	0.013003	-0.29021	-1.6017	0.033898	0.087805	0.10923	0.24577
ING3	10	-0.63104	-3.1009	0.0018832	0.0054945	0.001929	0.0069681	-0.73913	-3.635	0	0	0.00027794	0.0016399
PRPS1L1	10	-0.16599	-1.2374	0.10923	0.16812	0.21594	0.35065	0.041678	0.31072	0.62712	0.76376	0.75601	0.83634
TERF1	10	-0.52555	-2.1879	0.0018832	0.0054945	0.028675	0.062919	0.022699	0.094875	0.53861	0.69082	0.92441	0.9601
PTK2B	10	-0.024596	-0.054431	0.66667	0.75803	0.95659	0.9806	0.24259	0.53874	0.5951	0.74353	0.59007	0.70888
SIGLEC15	10	-0.39547	-2.3996	0.0037665	0.0082645	0.016414	0.038566	-0.13633	-0.8273	0.16008	0.28912	0.40807	0.56428
PHYKPL	10	-0.49448	-2.5174	0.0018832	0.0054945	0.011824	0.03004	-0.032691	-0.16659	0.36535	0.53297	0.8677	0.916
ZNF250	10	-0.78616	-4.7191	0	0	2.369e-06	2.7346e-05	-0.86747	-5.2063	0	0	1.9262e-07	3.4093e-06
KAT2B	10	-0.24572	-1.6362	0.037665	0.066225	0.1018	0.18836	-0.16803	-1.1188	0.10169	0.2	0.2632	0.43004
PPP2R2C	10	-0.236	-0.96473	0.043315	0.073955	0.33468	0.49402	0.063455	0.26052	0.70245	0.81619	0.79446	0.86802
FFAR1	10	-1.1625	-5.1244	0	0	2.9852e-07	4.4032e-06	-1.1171	-4.9323	0	0	8.1249e-07	1.0786e-05
CLSTN3	10	-0.37934	-2.152	0.0037665	0.0082645	0.0314	0.068054	-0.1415	-0.803	0.15254	0.27645	0.42198	0.56901
TPD52L1	10	-0.18738	-1.3363	0.082863	0.13213	0.18144	0.30749	0.21638	1.5434	0.69303	0.81236	0.12273	0.26929
SLC16A13	10	-1.0576	-5.1111	0	0	3.2037e-07	4.5978e-06	-1.2433	-6.0048	0	0	1.9153e-09	6.4159e-08
PTPRM	10	-0.14156	-0.8492	0.14878	0.22067	0.39577	0.56191	0.23167	1.39	0.6403	0.77098	0.16452	0.32203
PCDHB15	10	-0.31797	-1.5886	0.013183	0.025362	0.11216	0.20257	0.27929	1.3961	0.46516	0.62217	0.1627	0.32203
DKK1	10	-0.31975	-1.8209	0.013183	0.025362	0.068621	0.13495	0.099329	0.5658	0.82298	0.89366	0.57153	0.69766
LSM14B	10	-0.5452	-1.9743	0.0018832	0.0054945	0.048343	0.099884	-0.58325	-2.1147	0.0018832	0.0087719	0.034454	0.093821
RASEF	10	-0.27881	-1.9678	0.018832	0.034722	0.049094	0.10104	0.0042098	0.02972	0.47081	0.62657	0.97629	0.98454
ZGRF1	10	-0.45111	-2.9852	0.0037665	0.0082645	0.0028344	0.0093482	-0.25338	-1.6772	0.045198	0.10762	0.093499	0.21871
ATP10B	10	-0.06477	-0.38966	0.4275	0.54306	0.69679	0.84133	0.044586	0.26828	0.629	0.7643	0.78849	0.86505
RSPO3	10	-0.056936	-0.39876	0.47646	0.5907	0.69007	0.84043	0.14231	0.99686	0.99623	0.99623	0.31883	0.48257
DNAH5	10	-0.15288	-0.92697	0.12806	0.19373	0.35394	0.51178	-0.016959	-0.10283	0.40113	0.56764	0.9181	0.9559
RPL13	10	-2.017	-7.2709	0	0	3.5704e-13	9.4793e-11	-2.0035	-7.2522	0	0	4.1007e-13	5.4437e-11
CD27	10	-0.71383	-3.5727	0.0018832	0.0054945	0.00035331	0.0016352	-0.71966	-3.6046	0	0	0.00031262	0.0018242
KCTD9	10	-0.47168	-3.0912	0.0018832	0.0054945	0.0019936	0.007033	-0.40747	-2.6704	0.0056497	0.016667	0.0075758	0.026998
BRF1	10	-0.46331	-2.2824	0.0037665	0.0082645	0.022468	0.051426	-0.17746	-0.87471	0.097928	0.19772	0.38173	0.53624
TAOK3	10	-0.16784	-1.1968	0.10546	0.16374	0.23137	0.37118	-0.013068	-0.093198	0.41055	0.57368	0.92575	0.9601
RHPN1	10	-0.74213	-3.6429	0.0018832	0.0054945	0.00026958	0.0013133	-0.65705	-3.2292	0.0018832	0.0087719	0.0012415	0.0058338
DNAI1	10	-0.41484	-2.5711	0.0037665	0.0082645	0.010139	0.026511	-0.12342	-0.76514	0.17514	0.30693	0.44419	0.58673
ABLIM2	10	-0.32202	-2.7575	0.011299	0.022901	0.0058249	0.017184	-0.42576	-3.6456	0.0056497	0.016667	0.00026675	0.0016046
BICDL1	10	-1.3983	-5.8749	0	0	4.2314e-09	1.3217e-07	-1.5114	-6.3495	0	0	2.1606e-10	1.043e-08
TXN2	10	-0.55908	-2.4197	0.0018832	0.0054945	0.015532	0.03715	-0.51547	-2.2326	0.0037665	0.012579	0.025572	0.074609
TNFRSF6B	10	-0.69702	-4.0602	0.0018832	0.0054945	4.9023e-05	0.00034252	-0.50338	-2.9342	0.0037665	0.012579	0.0033445	0.012963
COMMD5	10	-0.76508	-4.3604	0.0018832	0.0054945	1.2983e-05	0.0001149	-0.58343	-3.3278	0.0018832	0.0087719	0.00087534	0.0043037
CYHR1	10	-0.7	-3.8351	0.0018832	0.0054945	0.00012553	0.00072455	-0.81148	-4.4452	0	0	8.7807e-06	7.9026e-05
KLF16	10	-0.98569	-4.6144	0	0	3.9429e-06	4.1873e-05	-0.46917	-2.1993	0.0037665	0.012579	0.027859	0.079533
CHRFAM7A	10	-0.57111	-3.4679	0.0018832	0.0054945	0.0005246	0.0022752	-0.28766	-1.7486	0.033898	0.087805	0.080365	0.19309
CPD	10	-0.35786	-2.4731	0.0037665	0.0082645	0.013394	0.033079	-0.74218	-5.1258	0	0	2.9632e-07	4.4956e-06
CDKN2B	10	-0.43201	-3.2191	0.0037665	0.0082645	0.0012859	0.0048772	-0.1622	-1.2087	0.12241	0.23297	0.22679	0.40009
COL25A1	10	-0.22066	-1.5693	0.05838	0.096875	0.11659	0.20919	-0.33966	-2.4154	0.018832	0.05291	0.015719	0.049388
CD274	10	-0.31702	-2.2008	0.013183	0.025362	0.027749	0.061139	-0.11249	-0.78128	0.19021	0.32581	0.43464	0.57843
TJP3	10	-0.38334	-1.6014	0.0037665	0.0082645	0.10929	0.20011	-0.20546	-0.86138	0.06968	0.15102	0.38903	0.54362
ROBO2	10	-0.31838	-2.4171	0.013183	0.025362	0.015646	0.037255	-0.09153	-0.69513	0.22034	0.36562	0.48697	0.62611
AKT1	10	-0.38332	-2.349	0.0037665	0.0082645	0.018822	0.043836	-0.36538	-2.2391	0.007533	0.021978	0.025149	0.073778
USP7	10	-1.6597	-5.8811	0	0	4.0757e-09	1.3217e-07	-1.4008	-4.9835	0	0	6.2454e-07	8.6498e-06
ZDHHC20	10	-0.28912	-1.6429	0.016949	0.03169	0.1004	0.18641	-0.056926	-0.32359	0.3032	0.46802	0.74625	0.82899
MPND	10	-0.48021	-3.0561	0.0018832	0.0054945	0.0022427	0.0077834	-0.091608	-0.58391	0.21846	0.36364	0.55928	0.69064
ARHGEF15	10	-0.5862	-3.5222	0.0018832	0.0054945	0.00042792	0.0019256	-0.4305	-2.5873	0.0056497	0.016667	0.0096736	0.032511
DCAKD	10	-0.53228	-3.4784	0.0018832	0.0054945	0.00050449	0.0022139	-0.47675	-3.1169	0.0037665	0.012579	0.0018278	0.0077646
BPNT1	10	-0.54563	-2.2331	0.0018832	0.0054945	0.025539	0.05698	0.1365	0.55947	0.97363	0.98102	0.57584	0.6997
TMED9	10	-0.29059	-1.4751	0.016949	0.03169	0.1402	0.24732	0.32718	1.6617	0.32015	0.48991	0.09657	0.22392
RBM23	10	-1.081	-5.1412	0	0	2.7299e-07	4.1417e-06	-1.1894	-5.6551	0	0	1.5579e-08	3.8121e-07
SIGLEC14	10	0.030464	0.16307	0.84181	0.89222	0.87046	0.95272	0.49413	2.6454	0.073446	0.15854	0.0081588	0.028502
SELENOS	10	-0.55003	-3.2811	0.0018832	0.0054945	0.001034	0.0040373	-0.35561	-2.1224	0.011299	0.032432	0.033807	0.093497
GALK2	10	-0.46998	-2.9798	0.0037665	0.0082645	0.0028839	0.0094528	-0.15814	-1.0032	0.12994	0.24382	0.31579	0.48257
CDK5RAP2	10	-0.67743	-3.4609	0.0018832	0.0054945	0.00053833	0.0022868	-0.9052	-4.6223	0	0	3.7955e-06	4.0308e-05
CDT1	10	-1.2759	-5.4001	0	0	6.6607e-08	1.2632e-06	-1.4186	-6.0033	0	0	1.9332e-09	6.4159e-08
CDC45	10	-1.4069	-5.462	0	0	4.7072e-08	9.6136e-07	-1.6703	-6.4651	0	0	1.0122e-10	5.3749e-09
CHRNA4	10	-0.25452	-1.2223	0.032015	0.057432	0.22161	0.35768	-0.10415	-0.50075	0.19397	0.33013	0.61655	0.73077
CELF5	10	-0.64656	-3.3728	0.0018832	0.0054945	0.00074413	0.0030395	-0.42319	-2.2088	0.0056497	0.016667	0.027192	0.078048
MICAL3	10	-0.69089	-3.6663	0.0018832	0.0054945	0.00024607	0.0012564	-0.29376	-1.5611	0.033898	0.087805	0.11851	0.2622
C4orf48	10	-0.89984	-4.8223	0	0	1.4192e-06	1.7127e-05	-0.3297	-1.7692	0.020716	0.057292	0.076862	0.18679
GEMIN2	10	-1.0092	-5.0008	0	0	5.7089e-07	7.3937e-06	-0.86928	-4.311	0	0	1.6249e-05	0.00013022
NUDT12	10	-0.10853	-0.47579	0.22222	0.31467	0.63423	0.79994	-0.0098186	-0.04307	0.4162	0.57853	0.96565	0.97668
AGTR1	10	-0.029976	-0.10057	0.62712	0.72867	0.91989	0.96534	0.33457	1.123	0.29755	0.46471	0.26145	0.429
CPT1B	10	-0.40405	-3.19	0.0037665	0.0082645	0.0014226	0.0052827	0.090522	0.71539	0.79284	0.87397	0.47437	0.61586
USP53	10	-0.24216	-1.2441	0.041431	0.071661	0.21347	0.34771	0.089087	0.45782	0.79096	0.87397	0.64708	0.75022
ZNF597	10	-0.32868	-2.5875	0.0094162	0.019231	0.009668	0.025797	-0.14995	-1.1806	0.13936	0.25965	0.23776	0.40714
ERCC6L2	10	-0.49615	-2.1074	0.0018832	0.0054945	0.035084	0.075119	0.090618	0.38515	0.79473	0.87397	0.70013	0.79438
GPR85	10	-0.35928	-2.486	0.0037665	0.0082645	0.012918	0.032055	-0.17393	-1.2035	0.099812	0.1985	0.22878	0.40225
KIT	10	-0.23774	-1.5901	0.041431	0.071661	0.11181	0.20257	-0.23146	-1.5484	0.054614	0.12446	0.12153	0.26778
CUL9	10	-0.6977	-3.3174	0.0018832	0.0054945	0.0009087	0.0036009	-0.54941	-2.6145	0.0037665	0.012579	0.0089349	0.030808
ZCCHC4	10	-0.24516	-1.6978	0.037665	0.066225	0.089555	0.16923	-0.047212	-0.32705	0.32957	0.5	0.74363	0.82781
TMEM132A	10	-0.40985	-2.5695	0.0037665	0.0082645	0.010185	0.026511	-0.32671	-2.0488	0.020716	0.057292	0.04048	0.10801
KRTAP10-1	10	-0.57281	-3.5498	0.0018832	0.0054945	0.00038548	0.0017646	-0.22386	-1.3886	0.056497	0.12658	0.16496	0.32203
CDKL5	10	-0.29981	-2.0197	0.015066	0.028571	0.043411	0.091838	-0.17402	-1.1724	0.099812	0.1985	0.24103	0.40714
SLC2A3	10	-0.31523	-1.0846	0.013183	0.025362	0.27811	0.43307	0.47653	1.6399	0.082863	0.1746	0.10103	0.23025
SIGLEC12	10	-0.39914	-2.8074	0.0037665	0.0082645	0.004995	0.01507	-0.30112	-2.118	0.030132	0.080402	0.034172	0.093821
SIM2	10	-0.43869	-2.6441	0.0037665	0.0082645	0.0081914	0.022421	-0.46579	-2.8074	0.0037665	0.012579	0.0049944	0.018676
IRS4	10	-0.25855	-1.4149	0.032015	0.057432	0.15711	0.27086	-0.008324	-0.045557	0.42373	0.5829	0.96366	0.97668
TMEM235	10	-0.59875	-2.7508	0.0018832	0.0054945	0.0059447	0.017344	-0.2731	-1.2559	0.041431	0.10138	0.20916	0.37776
SIK1	10	-0.2993	-1.7678	0.015066	0.028571	0.077097	0.14833	0.11486	0.67864	0.88889	0.93281	0.49737	0.63486
CCNG1	10	-0.43564	-2.0084	0.0037665	0.0082645	0.044606	0.093619	-0.0027338	-0.012612	0.43691	0.59487	0.98994	0.99137
DDX60	10	-0.016672	-0.093805	0.72505	0.80208	0.92526	0.96701	0.23356	1.3143	0.63653	0.76818	0.18873	0.35164
HIPK1	10	-0.66416	-3.9965	0.0018832	0.0054945	6.4284e-05	0.00042142	-0.52839	-3.1801	0.0037665	0.012579	0.0014722	0.0064605
CSH2	10	-1.1091	-5.0981	0	0	3.4312e-07	4.7946e-06	-1.844	-8.4276	0	0	3.5283e-17	9.3676e-15
RASA4B	10	-1.5423	-5.6431	0	0	1.6697e-08	4.0301e-07	-1.312	-4.8329	0	0	1.3455e-06	1.5877e-05
FGD4	10	-0.17568	-1.2541	0.092279	0.14497	0.2098	0.34385	0.17712	1.2646	0.85876	0.91566	0.20602	0.37337
MYO18A	10	-0.6453	-2.5015	0.0018832	0.0054945	0.012367	0.030975	-0.76166	-2.9539	0	0	0.0031374	0.01234
AMT	10	-0.29796	-2.2439	0.015066	0.028571	0.024838	0.055886	-0.10639	-0.8013	0.19021	0.32581	0.42296	0.56901
MEIOC	10	-0.77507	-4.077	0	0	4.5623e-05	0.00032738	-1.116	-5.8624	0	0	4.5631e-09	1.3461e-07
PIAS1	10	-1.7757	-6.7903	0	0	1.1191e-11	1.1885e-09	-1.8808	-7.2013	0	0	5.9623e-13	6.332e-11
TSSK1B	10	-0.32744	-1.0314	0.0094162	0.019231	0.30235	0.45989	0.51066	1.6093	0.067797	0.14754	0.10756	0.24303
PIK3C2B	10	-0.49203	-2.4506	0.0018832	0.0054945	0.014261	0.034897	-0.47892	-2.3859	0.0037665	0.012579	0.017037	0.053216
SACS	10	-0.46695	-1.9599	0.0037665	0.0082645	0.05001	0.10253	-0.47838	-2.01	0.0037665	0.012579	0.044434	0.11739
TLR2	10	-0.14652	-0.85327	0.14124	0.21067	0.39351	0.56019	-0.07615	-0.44356	0.258	0.41515	0.65736	0.75882
DPP10	10	-0.16689	-0.83521	0.10923	0.16812	0.4036	0.56846	0.10576	0.52948	0.84181	0.90486	0.59647	0.71496
DAXX	10	-0.76473	-4.0841	0.0018832	0.0054945	4.4245e-05	0.00032183	-0.16618	-0.88816	0.10923	0.21245	0.37445	0.53023
DKK4	10	-0.44048	-2.8524	0.0037665	0.0082645	0.0043386	0.013317	-0.4947	-3.2034	0.0037665	0.012579	0.0013583	0.0062177
CTNNBIP1	10	-0.40719	-1.2627	0.0037665	0.0082645	0.2067	0.33981	-0.55542	-1.7223	0.0037665	0.012579	0.085014	0.20153
DFFB	10	-0.41352	-2.427	0.0037665	0.0082645	0.015224	0.036578	-0.12367	-0.72605	0.17326	0.30667	0.46781	0.60905
BRIP1	10	-0.61536	-3.7533	0.0018832	0.0054945	0.00017452	0.0009402	-0.34287	-2.0919	0.016949	0.048128	0.036448	0.098242
KAT6A	10	-1.042	-4.2674	0	0	1.9774e-05	0.00016154	-1.1068	-4.5327	0	0	5.8227e-06	5.4243e-05
SRRD	10	-0.9031	-4.0135	0	0	5.9818e-05	0.00039704	-0.72335	-3.2176	0	0	0.0012929	0.0060221
MAPK15	10	-0.58969	-2.7958	0.0018832	0.0054945	0.0051777	0.015533	-0.72854	-3.4535	0	0	0.00055344	0.0029684
ERCC5	10	-0.28173	-1.6123	0.018832	0.034722	0.1069	0.19641	-0.18351	-1.0506	0.092279	0.18919	0.29344	0.4639
BTBD9	10	-0.42604	-2.8152	0.0037665	0.0082645	0.0048748	0.014792	-0.16407	-1.0842	0.11488	0.22101	0.27825	0.4491
CCDC62	10	-0.75237	-3.8103	0.0018832	0.0054945	0.00013881	0.00077586	-0.49623	-2.5171	0.0037665	0.012579	0.011834	0.038551
BCL10	10	-0.24926	-1.2976	0.037665	0.066225	0.19442	0.32261	-0.30296	-1.5771	0.028249	0.076142	0.11476	0.25586
NIPAL2	10	-0.20966	-1.176	0.06403	0.10398	0.23959	0.3832	-0.44229	-2.4795	0.0056497	0.016667	0.013155	0.041829
CEACAM6	10	-0.4633	-3.4001	0.0037665	0.0082645	0.00067369	0.0027947	-0.16963	-1.245	0.10169	0.2	0.21312	0.38232
LGALS7B	10	-2.0348	-7.5427	0	0	4.6043e-14	2.4449e-11	-1.7645	-6.5584	0	0	5.4378e-11	3.2083e-09
KAT2A	10	-1.4774	-6.1373	0	0	8.3946e-10	4.4576e-08	-1.2469	-5.1975	0	0	2.0194e-07	3.4591e-06
C8orf58	10	-0.48676	-3.398	0.0018832	0.0054945	0.00067893	0.0027947	-0.4823	-3.3668	0.0037665	0.012579	0.00076037	0.0039584
DAP	10	-0.12031	-0.73981	0.19774	0.28455	0.45942	0.62874	0.23784	1.463	0.6177	0.76102	0.14348	0.29645
ALS2CL	10	-0.216	-1.9542	0.060264	0.098765	0.050679	0.10349	-0.12942	-1.1712	0.16949	0.30201	0.24153	0.40714
SLC27A5	10	-0.59154	-3.0231	0.0018832	0.0054945	0.0025019	0.008571	-0.087527	-0.44769	0.22787	0.37578	0.65438	0.75703
RALGAPA2	10	-0.26507	-1.7451	0.030132	0.054608	0.080973	0.15497	-0.10578	-0.69645	0.19021	0.32581	0.48615	0.62611
KCNK2	10	-0.22935	-1.4497	0.050847	0.085714	0.14714	0.25786	-0.21839	-1.3805	0.060264	0.13333	0.16742	0.32564
LDB2	10	-0.31786	-2.3832	0.013183	0.025362	0.017161	0.040143	-0.17173	-1.288	0.099812	0.1985	0.19773	0.36081
USP16	10	-0.459	-3.2207	0.0037665	0.0082645	0.0012786	0.0048772	-0.42235	-2.9637	0.0056497	0.016667	0.0030397	0.012045
NT5M	10	-0.66177	-3.8319	0.0018832	0.0054945	0.00012714	0.00072594	-0.42969	-2.4904	0.0056497	0.016667	0.01276	0.041062
PIP5KL1	10	-0.57184	-2.4519	0.0018832	0.0054945	0.014209	0.034897	-0.83547	-3.5785	0	0	0.00034558	0.0019946
HSD11B2	10	-0.83812	-4.1729	0	0	3.0068e-05	0.0002314	-0.74621	-3.7178	0	0	0.00020098	0.0012858
STAG3	10	-0.5633	-2.8642	0.0018832	0.0054945	0.0041811	0.013003	-0.57771	-2.9381	0.0037665	0.012579	0.0033023	0.012894
TYMP	10	-0.59466	-3.0027	0.0018832	0.0054945	0.0026761	0.0088813	-0.51435	-2.6116	0.0037665	0.012579	0.0090118	0.030873
BIN1	10	-0.77396	-4.4784	0	0	7.5192e-06	7.2594e-05	-0.59831	-3.4733	0.0018832	0.0087719	0.00051414	0.0027858
EDIL3	10	-0.18127	-0.97771	0.090395	0.14243	0.32822	0.48956	0.041741	0.22523	0.62712	0.76376	0.8218	0.8843
RNF130	10	-0.26661	-1.6218	0.030132	0.054608	0.10484	0.1933	0.31507	1.9172	0.35217	0.52089	0.05521	0.14442
KCNT1	10	-0.43955	-2.7595	0.0037665	0.0082645	0.0057898	0.017175	-0.29378	-1.8446	0.033898	0.087805	0.065095	0.16228
COL14A1	10	-0.27828	-1.7685	0.018832	0.034722	0.076983	0.14833	-0.29717	-1.889	0.032015	0.085	0.058898	0.15036
ORAI2	10	-0.43786	-2.6622	0.0037665	0.0082645	0.0077629	0.021582	-0.57385	-3.4887	0.0037665	0.012579	0.00048532	0.0026567
IQCG	10	-0.3368	-2.655	0.007533	0.015564	0.007932	0.021937	-0.4065	-3.2042	0.0056497	0.016667	0.0013542	0.0062177
PRKX	10	-0.132	-0.98436	0.16949	0.24793	0.32494	0.48603	0.20228	1.5087	0.74576	0.84797	0.13137	0.28241
CEACAM7	10	-0.31668	-2.1723	0.013183	0.025362	0.029835	0.064927	-0.12828	-0.88012	0.16949	0.30201	0.37879	0.53353
PRAM1	10	-0.42085	-2.4352	0.0037665	0.0082645	0.014883	0.035923	0.014452	0.083668	0.51412	0.66748	0.93332	0.96232
WDR5	10	-1.1921	-4.3178	0	0	1.5759e-05	0.00013497	-0.96573	-3.5097	0	0	0.00044864	0.0025343
PTTG1	10	-0.81949	-3.7188	0	0	0.00020018	0.0010421	-1.0735	-4.8677	0	0	1.1292e-06	1.3944e-05
KIF5C	10	-0.29826	-1.5621	0.015066	0.028571	0.11826	0.21143	0.1075	0.56319	0.84369	0.90505	0.5733	0.69822
SYCE3	10	-0.35456	-1.927	0.0037665	0.0082645	0.053982	0.10858	-0.20008	-1.0876	0.079096	0.168	0.27679	0.44809
FOXRED2	10	-0.42772	-2.9639	0.0037665	0.0082645	0.0030373	0.0098947	-0.5421	-3.7559	0.0037665	0.012579	0.0001727	0.0011183
ANXA2R	10	-0.64577	-4.3305	0.0018832	0.0054945	1.488e-05	0.00012953	-0.65142	-4.3698	0.0018832	0.0087719	1.2434e-05	0.0001048
SPACA4	10	-0.55444	-3.127	0.0018832	0.0054945	0.0017663	0.0064682	-0.41509	-2.3418	0.0056497	0.016667	0.01919	0.05946
EPS8L1	10	-1.1016	-4.6334	0	0	3.5978e-06	3.9042e-05	-0.59022	-2.4923	0.0018832	0.0087719	0.012693	0.041062
GAD1	10	-0.84084	-3.6296	0	0	0.0002839	0.0013705	-0.42295	-1.8278	0.0056497	0.016667	0.067582	0.16614
TNS2	10	-1.3257	-5.9976	0	0	2.002e-09	9.6644e-08	-1.217	-5.5139	0	0	3.509e-08	7.1665e-07
RECQL5	10	-0.31346	-1.7051	0.013183	0.025362	0.088177	0.16722	0.078147	0.42536	0.75518	0.84958	0.67057	0.7674
CDS2	10	-1.2275	-5.1768	0	0	2.2572e-07	3.6321e-06	-1.4538	-6.1233	0	0	9.1679e-10	4.0568e-08
LRIG1	10	-0.54758	-3.6013	0.0018832	0.0054945	0.00031667	0.0014881	-0.55509	-3.6506	0.0037665	0.012579	0.00026159	0.0016046
MTX3	10	-0.17006	-1.0349	0.10546	0.16374	0.30073	0.45989	-0.2419	-1.4719	0.050847	0.11894	0.14104	0.29486
LRRK2	10	-0.53417	-2.5905	0.0018832	0.0054945	0.0095844	0.025704	0.12377	0.60053	0.9209	0.95136	0.54815	0.68326
VPS26B	10	-0.48068	-2.2244	0.0018832	0.0054945	0.026119	0.058029	-0.18023	-0.83711	0.096045	0.1954	0.40253	0.55808
UBA2	10	-1.3154	-4.6844	0	0	2.808e-06	3.1724e-05	-1.0621	-3.7891	0	0	0.00015117	0.0010291
C11orf71	10	-0.51916	-3.4028	0.0018832	0.0054945	0.00066702	0.0027889	-0.27015	-1.7708	0.041431	0.10138	0.0766	0.18679
LHX4	10	-0.31973	-1.8007	0.013183	0.025362	0.071757	0.14008	-0.14121	-0.79567	0.15254	0.27645	0.42622	0.56901
SFTPC	10	-0.004269	-0.021164	0.86064	0.90316	0.98311	0.99153	0.038494	0.19121	0.61205	0.75581	0.84836	0.90276
FN1	10	-0.48439	-2.7437	0.0018832	0.0054945	0.0060758	0.01763	-0.44888	-2.5427	0.0037665	0.012579	0.010999	0.036277
SLC4A1AP	10	-0.80061	-3.7389	0	0	0.0001848	0.00098129	-0.70187	-3.282	0	0	0.0010308	0.0049761
KLC4	10	-0.15554	-1.0334	0.12429	0.18857	0.3014	0.45989	-0.47981	-3.1871	0.0037665	0.012579	0.0014369	0.0063584
ARF3	10	-0.53786	-2.713	0.0018832	0.0054945	0.0066672	0.019034	-0.7482	-3.7719	0	0	0.00016204	0.0010755
SKA2	10	-1.3379	-5.0819	0	0	3.7377e-07	5.089e-06	-0.91339	-3.4896	0	0	0.00048381	0.0026567
SSX1	10	-0.86884	-5.2497	0	0	1.5235e-07	2.6096e-06	-0.72119	-4.3595	0	0	1.3036e-05	0.00010816
C22orf23	10	-0.7575	-3.7564	0.0018832	0.0054945	0.00017236	0.0009402	-0.675	-3.3475	0.0018832	0.0087719	0.00081534	0.0041233
PXMP2	10	-0.59253	-3.0918	0.0018832	0.0054945	0.0019893	0.007033	-0.92903	-4.8451	0	0	1.2658e-06	1.5276e-05
TYW1B	10	-1.2635	-4.8693	0	0	1.1197e-06	1.3828e-05	-0.77261	-2.9873	0	0	0.0028149	0.011481
AP4E1	10	-0.4065	-2.5391	0.0037665	0.0082645	0.011113	0.028646	-0.23131	-1.445	0.054614	0.12446	0.14847	0.30206
RPS27A	10	-1.8436	-4.9368	0	0	7.9426e-07	1.0042e-05	-1.2011	-3.3081	0	0	0.00093937	0.0045762
MAB21L1	10	-0.31746	-1.7425	0.013183	0.025362	0.081423	0.15497	-0.55259	-3.029	0.0037665	0.012579	0.002454	0.01026
SLC25A34	10	-0.3949	-3.198	0.0037665	0.0082645	0.001384	0.0051752	-0.26217	-2.1232	0.045198	0.10762	0.033734	0.093497
SCRIB	10	-0.5349	-2.7538	0.0018832	0.0054945	0.0058912	0.017283	-0.63658	-3.2767	0.0018832	0.0087719	0.0010502	0.0050237
ZNF493	10	-0.61477	-3.0121	0.0018832	0.0054945	0.0025948	0.0087527	-0.56671	-2.7788	0.0037665	0.012579	0.0054558	0.020118
NAGLU	10	-0.8682	-4.0211	0	0	5.7927e-05	0.00038936	-0.98661	-4.5686	0	0	4.91e-06	4.9193e-05
CD36	10	-0.44352	-2.5015	0.0037665	0.0082645	0.012367	0.030975	-0.45407	-2.561	0.0037665	0.012579	0.010437	0.034703
KIAA1324L	10	-0.57131	-3.1092	0.0018832	0.0054945	0.0018758	0.0068221	-0.2819	-1.5349	0.039548	0.10096	0.12481	0.27162
RING1	10	-0.99001	-5.189	0	0	2.1146e-07	3.5089e-06	-0.50161	-2.6336	0.0037665	0.012579	0.008449	0.029323
CDH17	10	-0.35895	-2.6717	0.0037665	0.0082645	0.0075459	0.021313	-0.38501	-2.8657	0.0056497	0.016667	0.0041615	0.016013
GPC1	10	-0.3175	-2.2015	0.013183	0.025362	0.027702	0.061139	-0.63568	-4.4037	0.0018832	0.0087719	1.064e-05	9.2624e-05
SLIRP	10	-0.82579	-3.9383	0	0	8.2072e-05	0.00051881	-1.0875	-5.1822	0	0	2.1929e-07	3.6389e-06
TERF2IP	10	-0.43106	-3.4458	0.0037665	0.0082645	0.00056944	0.0023998	-0.12408	-0.99194	0.17137	0.30435	0.32122	0.48257
TSTA3	10	-0.82531	-4.299	0	0	1.7159e-05	0.00014463	-1.0632	-5.5349	0	0	3.1138e-08	6.8894e-07
CAMKV	10	-0.20043	-1.1207	0.067797	0.10909	0.26243	0.41228	-0.02608	-0.14585	0.37665	0.54201	0.88404	0.9282
ARHGAP27P1-BPTFP1-KPNA2P3	10	-0.9333	-4.4852	0	0	7.2855e-06	7.1641e-05	-1.1497	-5.5186	0	0	3.4178e-08	7.1665e-07
DNM1	10	-0.76704	-4.4676	0.0018832	0.0054945	7.9087e-06	7.3676e-05	-0.66978	-3.9019	0.0018832	0.0087719	9.544e-05	0.00066682
ROR1	10	-0.30578	-1.9969	0.013183	0.025362	0.04584	0.09583	-0.14881	-0.97186	0.13936	0.25965	0.33112	0.48976
USP6	10	-0.95478	-4.7526	0	0	2.0077e-06	2.3691e-05	-0.86869	-4.3366	0	0	1.4469e-05	0.0001182
SPATA4	10	-0.09623	-0.64963	0.27495	0.37824	0.51593	0.68319	-0.0086601	-0.058469	0.42185	0.5829	0.95337	0.97512
ADO	10	-0.44921	-2.5273	0.0037665	0.0082645	0.011496	0.029347	-0.8193	-4.5985	0	0	4.2552e-06	4.3453e-05
KIF21B	10	-0.57521	-3.4921	0.0018832	0.0054945	0.00047917	0.0021203	-0.53744	-3.2635	0.0037665	0.012579	0.0011003	0.0052164
TP53I13	10	-1.4609	-6.4993	0	0	8.0701e-11	7.142e-09	-1.2704	-5.6563	0	0	1.5466e-08	3.8121e-07
CALML5	10	-0.35969	-2.4425	0.0037665	0.0082645	0.014587	0.035531	-0.31155	-2.1164	0.028249	0.076142	0.034307	0.093821
TAF4	10	-1.0499	-4.4741	0	0	7.6749e-06	7.2774e-05	-1.0097	-4.3086	0	0	1.6431e-05	0.00013022
PPM1N	10	-0.57987	-3.8709	0.0018832	0.0054945	0.00010843	0.00063971	-0.72076	-4.8105	0	0	1.5058e-06	1.7382e-05
NKX6-2	10	-0.72321	-4.0426	0.0018832	0.0054945	5.2858e-05	0.00036451	-1.0898	-6.0856	0	0	1.1609e-09	4.4032e-08
SPECC1L	10	-0.51406	-3.5371	0.0018832	0.0054945	0.00040452	0.0018359	-0.53018	-3.6481	0.0037665	0.012579	0.00026417	0.0016046
SRSF2	10	-1.4874	-5.7369	0	0	9.6438e-09	2.6745e-07	-1.4637	-5.6494	0	0	1.6098e-08	3.8121e-07
CDS1	10	-0.027083	-0.18393	0.63842	0.73536	0.85407	0.94585	0.21579	1.4656	0.69492	0.81278	0.14275	0.29645
UCK2	10	-0.23756	-0.69507	0.041431	0.071661	0.48701	0.65635	-0.062261	-0.18268	0.29002	0.45562	0.85505	0.90668
CSTB	10	-0.53208	-3.0109	0.0018832	0.0054945	0.0026044	0.0087527	-0.8041	-4.5484	0	0	5.4058e-06	5.2191e-05
TINF2	10	-0.86875	-4.1682	0	0	3.0703e-05	0.00023291	-1.1089	-5.3165	0	0	1.0579e-07	2.0063e-06
WWP2	10	-0.3987	-2.3211	0.0037665	0.0082645	0.020282	0.046825	0.32042	1.8659	0.34087	0.51124	0.062049	0.15634
PRPF19	10	-1.9394	-6.9507	0	0	3.636e-12	4.8269e-10	-1.8174	-6.5821	0	0	4.6384e-11	3.0787e-09
OLIG3	9	0.10958	0.58399	0.32203	0.43182	0.55923	0.72604	0.27289	1.4563	0.51036	0.66422	0.1453	0.29906
LY6K	10	-0.34855	-2.4991	0.007533	0.015564	0.012452	0.031043	-0.19194	-1.3763	0.084746	0.17717	0.16873	0.32699
NKIRAS1	10	-0.31298	-0.92555	0.013183	0.025362	0.35468	0.51178	0.58255	1.7233	0.039548	0.10096	0.08484	0.20153
ZDHHC8	10	-0.54294	-3.702	0.0018832	0.0054945	0.00021394	0.0011029	-0.43782	-2.9854	0.0056497	0.016667	0.0028324	0.011481
SORD	10	-0.34737	-2.0455	0.007533	0.015564	0.040802	0.086663	-0.014314	-0.084331	0.40301	0.56764	0.93279	0.96232
NFATC2IP	10	-0.77954	-3.3635	0	0	0.00076958	0.0031194	-0.69729	-3.0102	0.0018832	0.0087719	0.0026111	0.010748
HIST1H4I	10	-0.74214	-3.8501	0.0018832	0.0054945	0.00011808	0.00068903	-0.5374	-2.7908	0.0037665	0.012579	0.0052576	0.019523
RNF135	10	-0.4588	-3.0948	0.0037665	0.0082645	0.0019696	0.007033	-0.36596	-2.4697	0.007533	0.021978	0.013524	0.042746
GRINA	10	-0.58668	-2.921	0.0018832	0.0054945	0.0034886	0.011295	-0.27947	-1.392	0.039548	0.10096	0.16393	0.32203
CLTB	10	-0.40315	-1.9841	0.0037665	0.0082645	0.047245	0.097996	-0.46018	-2.2648	0.0037665	0.012579	0.023524	0.069784
CERCAM	10	-0.34863	-2.3448	0.007533	0.015564	0.019037	0.044143	-0.44145	-2.9689	0.0056497	0.016667	0.0029891	0.011934
CTNNB1	10	-0.35265	-1.6595	0.0056497	0.012295	0.097019	0.18076	-0.041477	-0.19537	0.34275	0.51124	0.8451	0.9011
PPP1R3E	10	-0.74967	-3.6539	0.0018832	0.0054945	0.00025829	0.0013062	-0.23829	-1.1653	0.052731	0.12121	0.24389	0.40982
NR5A1	10	-0.33213	-1.8261	0.007533	0.015564	0.06783	0.13389	-0.21384	-1.1762	0.065913	0.14403	0.23952	0.40714
HIST1H2AM	10	-0.92615	-5.4054	0	0	6.4676e-08	1.2632e-06	-0.7906	-4.6173	0	0	3.8883e-06	4.0484e-05
PPM1D	10	-1.3452	-5.03	0	0	4.9055e-07	6.512e-06	-1.3501	-5.0512	0	0	4.3915e-07	6.3024e-06
TLCD1	10	-0.96163	-4.5376	0	0	5.6897e-06	5.8101e-05	-0.95481	-4.5158	0	0	6.3086e-06	5.7756e-05
STRBP	10	-0.38036	-2.5834	0.0037665	0.0082645	0.0097838	0.025976	-0.2427	-1.6493	0.050847	0.11894	0.099087	0.22679
LMNB1	10	-0.47679	-3.2731	0.0018832	0.0054945	0.0010637	0.004123	-0.4871	-3.3437	0.0037665	0.012579	0.00082673	0.0041415
OVGP1	10	-0.2304	-1.6695	0.048964	0.083067	0.09502	0.17766	-0.18933	-1.3719	0.088512	0.18288	0.1701	0.32726
SSX3	10	-0.84341	-4.5729	0	0	4.8092e-06	5.0072e-05	-0.52353	-2.8413	0.0037665	0.012579	0.0044927	0.017163
PSAT1	10	-0.41396	-1.5556	0.0037665	0.0082645	0.11981	0.21278	-0.4345	-1.6353	0.0056497	0.016667	0.10198	0.23141
GRM7	10	-0.43092	-2.2705	0.0037665	0.0082645	0.023179	0.052374	-0.18202	-0.95924	0.092279	0.18919	0.33744	0.49497
ATRX	10	-0.44639	-2.6465	0.0037665	0.0082645	0.0081327	0.022375	-0.57754	-3.4237	0.0037665	0.012579	0.00061784	0.0032807
TYW1	10	-0.96297	-4.6331	0	0	3.6027e-06	3.9042e-05	-0.66299	-3.1956	0.0018832	0.0087719	0.0013956	0.0063337
GPR20	10	-0.49274	-2.8767	0.0018832	0.0054945	0.004019	0.012779	-0.72796	-4.2488	0	0	2.1495e-05	0.00016542
STAT5A	10	-0.62818	-3.5105	0.0018832	0.0054945	0.00044726	0.0019958	-0.75662	-4.2276	0	0	2.3617e-05	0.00017916
PON2	10	-0.061254	-0.45992	0.44633	0.56028	0.64557	0.80849	0.19604	1.4722	0.76648	0.85684	0.14096	0.29486
TRIM5	10	-0.23542	-1.9509	0.043315	0.073955	0.051065	0.10349	-0.3825	-3.1692	0.0056497	0.016667	0.0015284	0.0066521
RTEL1-TNFRSF6B	10	-0.79268	-4.286	0	0	1.819e-05	0.00015092	-0.95236	-5.1471	0	0	2.6452e-07	4.2564e-06
RNF2	9	-0.37971	-1.7439	0.0018832	0.0054945	0.081173	0.15497	0.14218	0.65321	0.96987	0.98095	0.51362	0.65217
TMEM184A	10	-0.62322	-4.13	0.0018832	0.0054945	3.6282e-05	0.00027135	-0.47777	-3.1664	0.0037665	0.012579	0.0015435	0.0066633
PTPRE	10	-0.45205	-2.272	0.0037665	0.0082645	0.023085	0.052374	-0.51711	-2.599	0.0037665	0.012579	0.0093504	0.031827
TANGO2	10	-0.3973	-2.5447	0.0037665	0.0082645	0.010937	0.028329	-0.31742	-2.0337	0.024482	0.06701	0.041982	0.11146
SPTBN5	10	-0.33881	-2.402	0.007533	0.015564	0.016305	0.038479	0.077038	0.54651	0.7533	0.84958	0.58472	0.70565
TMEM175	10	-0.52951	-2.7306	0.0018832	0.0054945	0.0063228	0.018247	-0.22023	-1.1366	0.05838	0.13025	0.25571	0.42791
MFSD14B	10	-0.44777	-2.3178	0.0037665	0.0082645	0.020458	0.047027	-0.014031	-0.072646	0.4049	0.56878	0.94209	0.9676
UAP1L1	10	-0.38959	-2.4395	0.0037665	0.0082645	0.014709	0.035664	-0.77904	-4.8748	0	0	1.0893e-06	1.3771e-05
ZBTB12	10	-0.40724	-2.4134	0.0037665	0.0082645	0.015806	0.037468	-0.26573	-1.5754	0.043315	0.1055	0.11516	0.25586
TRPT1	10	-0.71391	-4.0285	0.0018832	0.0054945	5.6123e-05	0.00038207	-0.23265	-1.3143	0.052731	0.12121	0.18874	0.35164
TMEM130	10	-0.66237	-3.6164	0.0018832	0.0054945	0.00029874	0.0014164	-0.69638	-3.8022	0.0018832	0.0087719	0.00014339	0.00098885
HBM	10	-0.78102	-3.7522	0	0	0.00017529	0.0009402	-0.98492	-4.7289	0	0	2.2574e-06	2.4972e-05
BRWD1	10	-0.37285	-2.623	0.0037665	0.0082645	0.0087147	0.023607	-0.26107	-1.8369	0.045198	0.10762	0.066226	0.16433
CDKN2AIP	10	-0.23804	-1.6743	0.041431	0.071661	0.094077	0.17714	-0.23756	-1.6713	0.052731	0.12121	0.094661	0.22046
ABCC6	10	-0.49826	-3.075	0.0018832	0.0054945	0.0021048	0.007353	-0.55249	-3.4099	0.0037665	0.012579	0.00064993	0.003417
MDM4	10	-1.7463	-6.3048	0	0	2.8851e-10	2.1885e-08	-1.6827	-6.1093	0	0	1.001e-09	4.0886e-08
NAPRT	10	-0.57607	-3.2339	0.0018832	0.0054945	0.0012209	0.004698	-0.50328	-2.8264	0.0037665	0.012579	0.0047073	0.017823
INPP5E	10	-0.4499	-2.8981	0.0037665	0.0082645	0.0037546	0.01201	0.072297	0.4658	0.74011	0.84698	0.64136	0.74521
MICALL2	10	-0.55825	-3.0902	0.0018832	0.0054945	0.002	0.007033	-0.39421	-2.1842	0.0056497	0.016667	0.028948	0.082199
OTUD6B	10	-0.53293	-2.5783	0.0018832	0.0054945	0.0099301	0.026213	-0.64899	-3.1392	0.0018832	0.0087719	0.0016943	0.0072555
EIF4EBP2	10	-0.69247	-4.1042	0.0018832	0.0054945	4.0574e-05	0.00029924	-0.70196	-4.1603	0	0	3.1781e-05	0.00023439
UTY	10	0.107	0.46151	0.31073	0.41985	0.64443	0.80849	0.54255	2.3405	0.060264	0.13333	0.01926	0.05946
HAGHL	10	-0.53824	-3.0276	0.0018832	0.0054945	0.002465	0.0084996	-0.47244	-2.6577	0.0037665	0.012579	0.0078673	0.02785
SAE1	10	-1.5062	-6.2785	0	0	3.4189e-10	2.2693e-08	-1.4056	-5.8698	0	0	4.3624e-09	1.3461e-07
KIFC2	10	-0.33407	-1.9913	0.007533	0.015564	0.046443	0.09671	-0.5066	-3.019	0.0037665	0.012579	0.0025359	0.01052
NRN1	8	-0.37421	-1.8677	0.007533	0.015564	0.061797	0.12336	-0.074261	-0.37077	0.34275	0.51124	0.71081	0.80306
AAMP	10	-1.4583	-5.7295	0	0	1.0074e-08	2.6745e-07	-1.3035	-5.1274	0	0	2.9377e-07	4.4956e-06
CDC42EP1	10	-0.56026	-3.4614	0.0018832	0.0054945	0.0005373	0.0022868	-0.24148	-1.4924	0.050847	0.11894	0.13561	0.28919
DBP	10	-0.67	-3.921	0.0018832	0.0054945	8.8164e-05	0.00053811	-0.22564	-1.3215	0.056497	0.12658	0.18634	0.34963
UBXN6	10	-0.5516	-2.7829	0.0018832	0.0054945	0.005387	0.01607	-0.72247	-3.6435	0	0	0.00026895	0.0016046
SS18	10	-1.4354	-5.5333	0	0	3.1433e-08	6.9544e-07	-1.8611	-7.1329	0	0	9.8264e-13	8.6963e-11
TGFBRAP1	10	-0.75241	-4.24	0.0018832	0.0054945	2.235e-05	0.00017713	-0.59615	-3.3618	0.0018832	0.0087719	0.00077429	0.0039917
BACE1	10	-0.72395	-3.9163	0.0018832	0.0054945	8.9923e-05	0.0005426	-0.5898	-3.1915	0.0018832	0.0087719	0.0014152	0.0063365
AP1S2	10	-0.30622	-1.9302	0.013183	0.025362	0.053585	0.10819	-0.15796	-0.99591	0.12994	0.24382	0.31929	0.48257
MTHFD1L	10	-0.24528	-1.3298	0.037665	0.066225	0.18358	0.30946	-0.26694	-1.4477	0.041431	0.10138	0.14771	0.30168
SPTAN1	10	-0.38537	-2.669	0.0037665	0.0082645	0.0076084	0.021376	-0.1455	-1.0081	0.14124	0.26042	0.31339	0.48257
TES	10	-0.46715	-2.8654	0.0037665	0.0082645	0.0041648	0.013003	-0.44773	-2.7465	0.0037665	0.012579	0.0060232	0.021906
FAM71F2	10	-0.34255	-1.3818	0.007533	0.015564	0.16704	0.28706	-0.015616	-0.0633	0.40301	0.56764	0.94953	0.97336
ACOT8	10	-0.24767	-1.1574	0.037665	0.066225	0.24713	0.39182	-0.030668	-0.14365	0.36911	0.53406	0.88578	0.9282
FAM69A	10	-0.41367	-2.8535	0.0037665	0.0082645	0.0043238	0.013317	-0.30328	-2.0923	0.028249	0.076142	0.036409	0.098242
C8orf88	10	-0.26855	-1.8041	0.028249	0.051546	0.071219	0.13955	-0.68882	-4.6265	0.0018832	0.0087719	3.7184e-06	4.0295e-05
TXK	10	-0.21506	-1.2454	0.060264	0.098765	0.21297	0.34771	-0.11032	-0.639	0.19021	0.32581	0.52282	0.65943
HIST3H2BB	10	-1.1964	-5.8405	0	0	5.2052e-09	1.5355e-07	-1.4252	-6.9513	0	0	3.6187e-12	2.745e-10
C16orf74	10	-0.56346	-3.786	0.0018832	0.0054945	0.00015308	0.00084672	-0.18038	-1.2128	0.096045	0.1954	0.22521	0.39862
UBE2E1	10	-0.5374	-2.8406	0.0018832	0.0054945	0.0045022	0.013739	-0.061894	-0.32749	0.29002	0.45562	0.7433	0.82781
RASD2	10	-0.42273	-2.5047	0.0037665	0.0082645	0.012254	0.030975	-0.079837	-0.47345	0.25047	0.40549	0.63589	0.74211
SLC25A4	10	-0.3927	-1.9523	0.0037665	0.0082645	0.050901	0.10349	-0.096881	-0.48171	0.20716	0.3481	0.63001	0.74012
MAT2B	10	-0.60218	-3.1859	0.0018832	0.0054945	0.0014429	0.0053207	-0.22946	-1.2147	0.056497	0.12658	0.22447	0.39862
PRDM7	10	-0.86885	-4.242	0	0	2.2157e-05	0.00017713	-0.60887	-2.9816	0.0018832	0.0087719	0.002867	0.011533
PTPRU	10	-0.23711	-1.8569	0.043315	0.073955	0.063325	0.12594	-0.19464	-1.5244	0.080979	0.17131	0.12741	0.27615
SUMO1P3	10	-1.3109	-5.6908	0	0	1.2644e-08	3.1972e-07	-1.1459	-4.9802	0	0	6.3529e-07	8.6498e-06
DYDC1	10	-0.18146	-1.3351	0.090395	0.14243	0.18183	0.30749	0.058565	0.43099	0.67797	0.8	0.66647	0.76436
EIF2AK1	10	-0.54059	-2.6764	0.0018832	0.0054945	0.0074409	0.021129	-0.058083	-0.28771	0.29944	0.46628	0.77357	0.85398
FRG1	10	-0.44658	-2.7282	0.0037665	0.0082645	0.0063685	0.018279	-0.33828	-2.0674	0.020716	0.057292	0.038694	0.10377
ERC1	10	-0.020663	-0.1892	0.6968	0.78224	0.84994	0.94585	-0.14152	-1.2958	0.15254	0.27645	0.19505	0.35963
SUMO2	10	-1.8245	-6.242	0	0	4.3191e-10	2.5483e-08	-1.6427	-5.6451	0	0	1.6512e-08	3.8121e-07
FRG2	10	-1.6523	-7.1701	0	0	7.4949e-13	1.3266e-10	-2.3024	-9.896	0	0	4.3344e-23	2.3016e-20
CD9	10	-0.43081	-3.0034	0.0037665	0.0082645	0.0026699	0.0088813	-0.39273	-2.7384	0.0056497	0.016667	0.0061747	0.022305
ARFGAP3	10	-0.1558	-1.3425	0.12429	0.18857	0.17942	0.30635	0.17093	1.4731	0.88512	0.93254	0.14073	0.29486
C8orf82	10	-1.241	-5.509	0	0	3.6087e-08	7.6649e-07	-1.7055	-7.539	0	0	4.7377e-14	8.3857e-12
SMARCD1	10	-1.1988	-5.967	0	0	2.417e-09	1.0001e-07	-0.96389	-4.8056	0	0	1.543e-06	1.7433e-05
TRPA1	10	-0.33155	-2.6648	0.007533	0.015564	0.0077024	0.021526	-0.49047	-3.9416	0.0037665	0.012579	8.0923e-05	0.00057294
GTPBP2	10	-1.1379	-5.3141	0	0	1.0718e-07	1.9626e-06	-1.2201	-5.6972	0	0	1.2178e-08	3.4035e-07
TUSC2	9	-0.64536	-3.2818	0	0	0.0010316	0.0040373	-0.59586	-3.0311	0	0	0.0024366	0.01026
CCND2	10	-0.81991	-3.9484	0	0	7.8692e-05	0.00050344	-0.90803	-4.3723	0	0	1.2294e-05	0.0001048
MPRIP	10	-0.78961	-4.3646	0	0	1.2736e-05	0.00011463	-0.7982	-4.4125	0	0	1.0219e-05	9.0437e-05
SMAD9	10	-0.33292	-1.6699	0.007533	0.015564	0.094936	0.17766	-0.044637	-0.2241	0.3371	0.50708	0.82268	0.8843
MLC1	10	-0.37767	-2.9094	0.0037665	0.0082645	0.003621	0.011653	-0.24721	-1.9045	0.048964	0.11607	0.056851	0.14726
TADA2B	10	-0.75824	-3.9817	0.0018832	0.0054945	6.8418e-05	0.00044305	-0.43928	-2.311	0.0056497	0.016667	0.020833	0.062854
CYP2W1	10	-0.11768	-0.78175	0.20527	0.2938	0.43436	0.60221	0.076231	0.50663	0.74953	0.84958	0.61241	0.72883
SVIL	10	-0.22642	-1.5911	0.052731	0.088328	0.11158	0.20257	-0.27245	-1.9146	0.041431	0.10138	0.055548	0.14459
HPN	10	-1.2735	-5.1517	0	0	2.5817e-07	4.032e-06	-1.0156	-4.1225	0	0	3.7481e-05	0.00026895
PLAU	10	-0.38712	-2.0746	0.0037665	0.0082645	0.03802	0.081079	-0.19234	-1.0313	0.084746	0.17717	0.30242	0.47092
STUM	10	-0.58278	-3.3505	0.0018832	0.0054945	0.00080654	0.0032445	-0.47904	-2.7585	0.0037665	0.012579	0.0058067	0.021265
CORO1A	10	-0.48653	-2.6391	0.0018832	0.0054945	0.0083115	0.022633	-0.4719	-2.5604	0.0037665	0.012579	0.010457	0.034703
ZBTB34	10	-0.69195	-3.7203	0.0018832	0.0054945	0.00019898	0.0010421	-0.10762	-0.5788	0.19021	0.32581	0.56272	0.69328
AMBP	10	-0.15038	-1.1585	0.12994	0.19547	0.24666	0.39182	-0.0060933	-0.046947	0.42561	0.58398	0.96256	0.97668
PAOX	10	-0.4002	-2.1401	0.0037665	0.0082645	0.032349	0.069827	-0.5283	-2.8247	0.0037665	0.012579	0.0047327	0.017823
AGAP12P	10	-0.93334	-3.2005	0	0	0.0013721	0.0051672	-0.26303	-0.90524	0.045198	0.10762	0.36534	0.52351
SELENOO	10	-0.5241	-2.8723	0.0018832	0.0054945	0.0040748	0.012879	-0.60963	-3.3407	0.0018832	0.0087719	0.00083579	0.0041477
SLC15A3	10	-0.70794	-3.6237	0.0018832	0.0054945	0.00029046	0.0013895	-0.68367	-3.5004	0.0018832	0.0087719	0.00046463	0.002597
ESF1	10	-1.0334	-4.1976	0	0	2.6973e-05	0.00021063	-0.90323	-3.6774	0	0	0.00023561	0.0014719
UBE2I	10	-1.449	-5.8953	0	0	3.7407e-09	1.3217e-07	-1.3379	-5.466	0	0	4.6025e-08	9.0515e-07
BRD9	10	-1.4456	-5.9084	0	0	3.4541e-09	1.3101e-07	-1.0383	-4.2974	0	0	1.7279e-05	0.00013493
GPR149	10	-0.23606	-1.4441	0.043315	0.073955	0.14871	0.25976	-0.27044	-1.6546	0.041431	0.10138	0.098009	0.22529
STIM2	10	-0.228	-0.96485	0.050847	0.085714	0.33462	0.49402	0.0026191	0.011089	0.45951	0.61772	0.99115	0.99137
RNF212	10	-0.58244	-3.8933	0.0018832	0.0054945	9.8886e-05	0.00058998	-0.40579	-2.7134	0.0056497	0.016667	0.0066587	0.02389
SYNJ1	10	-0.20814	-0.93755	0.06403	0.10398	0.34847	0.50952	0.13153	0.59255	0.9548	0.97313	0.55348	0.68668
ETNPPL	10	-0.21494	-1.7789	0.060264	0.098765	0.075264	0.14586	-0.27207	-2.2515	0.041431	0.10138	0.024352	0.071838
CHRNB3	10	-0.35308	-2.1734	0.0056497	0.012295	0.02975	0.064927	-0.029544	-0.18217	0.36911	0.53406	0.85545	0.90668
PCGF3	10	-1.2759	-5.2903	0	0	1.2212e-07	2.1615e-06	-1.2203	-5.069	0	0	3.9982e-07	5.8974e-06
NME3	10	-0.66548	-3.6481	0.0018832	0.0054945	0.00026416	0.0013079	-0.34638	-1.9005	0.015066	0.043011	0.057365	0.14787
SPATA33	10	-0.28948	-2.2345	0.016949	0.03169	0.025452	0.05698	-0.27504	-2.1231	0.041431	0.10138	0.033747	0.093497
AGFG2	10	-0.46196	-2.6214	0.0037665	0.0082645	0.008758	0.023607	-0.40891	-2.321	0.0056497	0.016667	0.020289	0.061563
PPP1R27	10	-0.29037	-1.5568	0.016949	0.03169	0.11952	0.21278	0.12151	0.65168	0.91337	0.94912	0.51461	0.65217
WIPI2	10	-0.64686	-4.4001	0.0018832	0.0054945	1.0822e-05	9.9078e-05	-0.52153	-3.5479	0.0037665	0.012579	0.00038829	0.002217
WDR38	10	-0.70899	-3.9241	0.0018832	0.0054945	8.7058e-05	0.00053753	-0.27291	-1.5125	0.041431	0.10138	0.1304	0.28148
BMPR2	10	-0.22207	-0.38228	0.05838	0.096875	0.70226	0.84366	1.3209	2.2743	0	0	0.022948	0.068457
MTRNR2L3	6	-1.5311	-5.9649	0	0	2.4483e-09	1.0001e-07	-1.165	-4.542	0	0	5.5729e-06	5.2843e-05
